%YAML:1.0
---
MLS: !!opencv-matrix
   rows: 3
   cols: 3
   dt: d
   data: [ 6.7541890901107001e+02, 0., 3.0676508394287180e+02, 0.,
       6.7552742174801426e+02, 2.2308704597818985e+02, 0., 0., 1. ]
MRS: !!opencv-matrix
   rows: 3
   cols: 3
   dt: d
   data: [ 6.7609695782409403e+02, 0., 3.2892632101684239e+02, 0.,
       6.7604319401915870e+02, 2.3278912553352859e+02, 0., 0., 1. ]
dLS: !!opencv-matrix
   rows: 1
   cols: 5
   dt: d
   data: [ 1.6329079067657715e-01, -1.2525211595543795e+00,
       2.9457161674911717e-03, -4.3583367236069658e-04,
       2.2239284908032459e+00 ]
dRS: !!opencv-matrix
   rows: 1
   cols: 5
   dt: d
   data: [ 1.7068505076901003e-01, -1.3488921093229924e+00,
       1.0575239788802155e-03, 1.0838019308138458e-03,
       2.6884026087234747e+00 ]
RotationalMatrix: !!opencv-matrix
   rows: 3
   cols: 3
   dt: d
   data: [ 9.9923974839825092e-01, -2.0650231868673753e-02,
       -3.3068007874232502e-02, 2.0147259892146500e-02,
       9.9967730192499171e-01, -1.5471907923950983e-02,
       3.3376835377827499e-02, 1.4793915632411966e-02,
       9.9933334124326223e-01 ]
FundamentalMatrix: !!opencv-matrix
   rows: 3
   cols: 1
   dt: d
   data: [ -5.0622737338846726e+01, 1.8660767393962745e+00,
       -5.8050094310797873e-01 ]
width: 640
height: 480
mtxL: !!opencv-matrix
   rows: 3
   cols: 3
   dt: d
   data: [ 6.7541890901107001e+02, 0., 3.0676508394287180e+02, 0.,
       6.7552742174801426e+02, 2.2308704597818985e+02, 0., 0., 1. ]
mtxR: !!opencv-matrix
   rows: 3
   cols: 3
   dt: d
   data: [ 6.7609695782409403e+02, 0., 3.2892632101684239e+02, 0.,
       6.7604319401915870e+02, 2.3278912553352859e+02, 0., 0., 1. ]
disL: !!opencv-matrix
   rows: 1
   cols: 5
   dt: d
   data: [ 1.6329079067657715e-01, -1.2525211595543795e+00,
       2.9457161674911717e-03, -4.3583367236069658e-04,
       2.2239284908032459e+00 ]
disR: !!opencv-matrix
   rows: 1
   cols: 5
   dt: d
   data: [ 1.7068505076901003e-01, -1.3488921093229924e+00,
       1.0575239788802155e-03, 1.0838019308138458e-03,
       2.6884026087234747e+00 ]
OpMatL: !!opencv-matrix
   rows: 3
   cols: 3
   dt: d
   data: [ 6.7091357421875000e+02, 0., 3.0607773317431565e+02, 0.,
       6.7188433837890625e+02, 2.2357573600464821e+02, 0., 0., 1. ]
OpMatR: !!opencv-matrix
   rows: 3
   cols: 3
   dt: d
   data: [ 6.7507623291015625e+02, 0., 3.2890874380410241e+02, 0.,
       6.7448724365234375e+02, 2.3270016868849416e+02, 0., 0., 1. ]
